715.0 1720.0 87.1491 113.053 113.7739 85.9282 1599.0958 1597.6037 1602.1732 1599.5526
1 250.0 1720.0 165.9789 180.4088 36.8624 16.7659 1493.0733 1493.508 1817.414 1814.1035
2 250.0 1110.0 169.3388 162.5905 39.0347 28.9001 887.9435 2099.9258 2350.607 1335.552
3 1180.0 1110.0 25.2043 36.8518 176.1526 161.1287 1333.1969 2345.4806 2103.8669 890.8215
4 1180.0 500.0 54.8871 36.2496 148.9915 158.9262 972.8945 2907.785 2711.0224 298.4867
5 250.0 500.0 158.5401 158.982 35.241 47.0906 295.9255 2709.003 2911.7461 976.7622
6 1180.0 1720.0 18.4837 37.4087 180.1397 163.485 1812.7989 1809.8591 1496.1419 1494.3732
7 1180.0 2155.0 17.0098 45.0494 186.1576 150.7666 2190.2 1458.3151 1063.8162 1925.9386
8 250.0 2155.0 165.7696 181.6578 37.91 14.637 1925.8776 1061.6652 1468.0358 2191.08
9 250.0 2590.0 150.5203 186.004 50.399 12.9241 2357.7575 631.6504 1165.9864 2584.3529
10 1180.0 2590.0 14.9818 44.292 182.5168 157.7195 2584.1616 1153.508 636.0289 2359.3026